26852 6709 9834 
13870 20237 9624 
17180 14702 8839 
2411 23435 2678 
29265 17884 12806 
29622 23953 23828 
9773 8108 19099 
22792 11246 11305 
10925 25237 8167 
29966 26547 1766 
11863 560 20913 
8471 20746 958 
28318 1305 18223 
3658 1689 353 
2223 22144 22768 
8246 27018 24442 
3533 12285 17194 
3168 4118 7847 
14415 29872 13267 
29482 7678 20775 
11832 15218 5296 
29985 4607 17238 
28927 13253 8413 
10103 14925 14193 
10298 10958 16438 
3800 13726 7799 
17094 19853 16148 
11024 29034 25990 
16056 27194 2556 
8503 17229 27278 
23256 17913 9446 
9435 9192 19666 
27762 17871 18762 
28284 9656 14710 
8539 19927 8804 
3942 11381 7305 
8212 28997 23685 
14932 28826 19498 
7128 29282 800 
9723 28215 4249 
10297 1646 7074 
15465 8806 15595 
5788 25426 11159 
13803 4537 13406 
10991 23230 2444 
29625 5159 23861 
27476 20528 4659 
29011 7665 14854 
27689 29019 8521 
20070 3956 5814 
20419 2685 25075 
15778 30176 24795 
5144 20703 13391 
27037 25954 15237 
2786 7488 1215 
16886 21543 21876 
24966 11889 7924 
657 24135 6647 
5829 24086 9281 
14700 27503 13745 
21715 29789 15358 
28887 4837 25593 
18072 108 13188 
9258 8426 8702 
2739 18738 29859 
1210 5673 22852 
12027 4998 17566 
3347 22290 16485 
3289 11527 20311 
636 18722 14598 
20758 20129 23807 
12121 25174 7812 
29544 12476 8727 
17198 18728 26959 
24978 12252 21620 
4789 22992 3866 
232 9888 4661 
5516 1046 4328 
21115 13417 10191 
9000 18509 24338 
13824 11468 25989 
25831 6010 18669 
2467 3796 14750 
28006 14191 19535 
6281 6059 10048 
21618 25852 20283 
12077 30213 29151 
25338 21232 2121 
6118 5112 18789 
13305 4149 22002 
22141 85 27337 
14907 4470 14216 
4749 15798 9878 
14442 3962 27389 
13652 11852 2677 
23615 30136 5491 
11882 12405 11114 
21295 27753 8700 
23813 22154 25330 
8822 8337 10018 
27460 9806 16566 
1878 15351 927 
25749 22335 3428 
20400 6308 25030 
8536 7521 22420 
22931 14211 8455 
25557 2721 20945 
1321 24227 22661 
17653 10304 13471 
24546 26062 21417 
20888 16356 15220 
28304 29704 19378 
29513 24152 11995 
25015 22597 9319 
17155 27602 4038 
14579 7373 8029 
19351 9357 23700 
12685 5672 28588 
10716 25026 12141 
14815 22695 13344 
23458 19649 9230 
29531 15282 13689 
6977 5194 21658 
21905 562 28493 
23862 21800 2812 
13214 27921 290 
2310 6917 1669 
28336 19465 12260 
21480 29809 20099 
16341 21768 28448 
25400 16440 8542 
17139 19565 18879 
13459 6255 23958 
19298 17281 20753 
25659 18593 20601 
9056 29003 4556 
15027 15926 17154 
25960 10115 2485 
29450 11607 24116 
3669 8223 10458 
26527 15135 10549 
20417 27021 19855 
13751 13529 1153 
13399 27863 19590 
28650 19040 28622 
24699 17829 18957 
15861 248 11232 
14145 1627 1801 
2922 27002 28074 
21590 938 12236 
17259 29225 15675 
3729 21196 21906 
6782 27399 13021 
21397 26303 11531 
5047 3999 14355 
18699 29928 7950 
27280 690 3297 
28543 
