14822 2657 20954 
10535 29228 7591 
5408 16145 9885 
22286 14834 8416 
12708 18324 21248 
6986 20337 14923 
13709 22772 8467 
841 20751 10226 
20574 7346 665 
27717 9995 27329 
7357 2586 2584 
7801 8105 25131 
21458 19970 28113 
8553 15516 5087 
21618 15716 29776 
5952 28796 20743 
4577 1834 18734 
17477 24987 10655 
28409 16789 7937 
25155 23254 7211 
7990 3404 2632 
19477 20560 24480 
206 16803 16770 
19044 2830 13786 
23335 27447 25144 
2332 19313 22263 
15407 22433 21024 
11270 24153 5561 
5881 17040 24734 
24737 11493 4381 
21682 5572 22800 
15409 1212 12937 
11844 25395 26765 
28196 8338 525 
30217 10080 26409 
9340 10821 18640 
16219 28494 8002 
3683 19153 21723 
9488 5432 10817 
13120 16845 12168 
16226 14906 5595 
9671 11120 22395 
15739 4023 15535 
10697 24981 24167 
25299 8689 24676 
30191 11664 14688 
774 5013 26801 
4692 8880 15842 
9149 22961 4596 
2394 21996 7698 
16337 27782 6502 
11023 23562 1170 
14700 26948 24807 
5256 25869 20318 
20609 8091 8670 
20988 23484 19213 
21431 10135 29468 
29018 15304 6525 
29604 13445 16622 
25137 16701 8770 
17589 17729 14988 
9316 7326 17238 
30032 27299 7457 
451 10132 23000 
23577 18288 11736 
21233 12428 4336 
23096 10201 22278 
5945 4297 21424 
7822 24966 19137 
17610 4402 20082 
7530 21558 23605 
3698 2579 28190 
21571 25676 20268 
9434 972 21131 
22148 17656 247 
10450 14651 6757 
163 15413 3792 
5174 17657 20282 
27567 5981 3670 
12268 19937 11640 
20698 25473 13196 
15311 26836 28986 
16864 28502 28578 
13063 2070 14084 
16380 17349 21748 
6524 15793 2701 
16306 2672 23648 
13661 20741 8335 
29817 25951 25840 
27541 28712 20371 
932 21860 22685 
15277 8380 12105 
4136 8066 8099 
17704 15871 431 
8942 9678 17546 
18047 10061 13095 
28589 9913 19458 
10526 26152 25415 
6356 19078 21796 
22737 16938 8612 
7849 8698 8724 
24391 7768 13776 
9898 8758 8895 
11648 3336 8596 
4731 21456 24454 
7922 14459 18939 
28490 25364 1567 
21704 9943 1488 
22120 3468 29836 
9501 21869 4190 
6926 3169 21440 
28632 14889 19936 
28315 18557 23181 
14897 22783 10946 
19570 4954 15462 
26170 26870 26414 
8174 5320 22431 
21046 26940 58 
7803 12557 2709 
7584 1406 29118 
14006 1159 6060 
11169 10064 418 
16518 27316 8008 
296 16917 22565 
6831 17941 2542 
3243 2477 12841 
11149 25048 2280 
20845 7284 6811 
26712 1360 7248 
27810 22934 4979 
14443 21014 10490 
27027 15443 25842 
28521 20690 12822 
12789 5162 16333 
17078 1368 12508 
16242 14419 18408 
8451 25457 16006 
3056 12175 11987 
16947 23774 19688 
6144 29131 9352 
1748 18067 8832 
5198 5321 5179 
23534 9679 6470 
25234 4722 6081 
26512 8951 12551 
9840 4131 28319 
24150 24996 19476 
4041 15979 23573 
29674 26469 26387 
18889 13107 22085 
24565 267 15544 
2818 15178 27678 
20328 16642 16298 
5276 25607 20175 
17821 21133 17118 
11566 20706 8773 
28418 13752 12859 
18120 28809 20924 
7866 17538 26893 
3565 104 11463 
3777 7464 28070 
2277 19529 10437 
2052 26620 9670 
12881 13423 21266 
23841 22233 22707 
20143 502 17305 
24520 19809 3739 
14046 334 19477 
15909 20355 3785 
23975 25523 5572 
27213 3343 25737 
7357 29173 24298 
19983 22428 3931 
258 19613 26707 
2776 19924 16966 
19659 24507 16610 
1430 16330 10433 
14946 14518 26864 
538 26658 28646 
5100 18592 17817 
27654 24320 25348 
18770 20047 15872 
483 18740 386 
13582 19176 17215 
25118 4416 11642 
29787 26371 17716 
2177 17567 15322 
19588 21464 12088 
16601 22078 13877 
23016 17275 21527 
6920 4419 18317 
20661 17321 25522 
30104 24622 21236 
13975 21135 14017 
28198 24650 611 
24266 17627 2843 
3969 30292 13766 
17276 10346 29721 
27291 6659 9558 
26442 11922 23258 
25247 10129 25353 
13676 25812 20610 
6857 6636 11573 
21712 1756 24815 
15571 4375 12059 
14095 15950 6116 
22689 7158 27973 
26348 12641 22076 
28394 21732 27388 
1015 24149 16358 
29786 2673 10161 
18684 20715 14719 
17152 21223 4277 
15794 20678 16169 
19257 24941 12692 
1457 9860 28076 
21222 27829 8403 
16476 18176 29168 
16599 9349 25206 
10705 1965 21856 
612 26767 22497 
18338 5980 29883 
13969 23403 28791 
20797 10514 15802 
16549 11575 6022 
20869 741 20695 
10146 26695 8091 
10819 20779 5981 
8901 326 13767 
5504 21143 9753 
17322 21801 15408 
19632 29913 21392 
4930 35 19056 
21269 321 10109 
5164 27922 5983 
20997 21217 2328 
2365 11071 13170 
23167 23525 24558 
20578 7562 1092 
5347 19971 26473 
15372 24571 26979 
15721 9518 27118 
2247 15865 6153 
25295 11473 20590 
20907 9102 24553 
3622 10076 7144 
30160 29449 26483 
9183 11847 12863 
27430 3544 11579 
11709 14856 17432 
27522 14721 16609 
11512 28744 2453 
22075 2116 14178 
17347 13673 30209 
3632 4720 7845 
26508 20282 18273 
18406 27091 13328 
27300 26124 15432 
16568 16 26852 
6709 9834 13870 
20237 9624 17180 
14702 8839 2411 
23435 2678 29265 
17884 12806 29622 
23953 23828 9773 
8108 19099 22792 
11246 11305 10925 
25237 8167 29966 
26547 1766 11863 
560 20913 8471 
20746 958 28318 
1305 18223 3658 
1689 353 2223 
22144 22768 8246 
27018 24442 3533 
12285 17194 3168 
4118 7847 14415 
29872 13267 29482 
7678 20775 11832 
15218 5296 29985 
4607 17238 28927 
13253 8413 10103 
14925 14193 10298 
10958 16438 3800 
13726 7799 17094 
19853 16148 11024 
29034 25990 16056 
27194 2556 8503 
17229 27278 23256 
17913 9446 9435 
9192 19666 27762 
17871 18762 28284 
9656 14710 8539 
19927 8804 3942 
11381 7305 8212 
28997 23685 14932 
28826 19498 7128 
29282 800 9723 
28215 4249 10297 
1646 7074 15465 
8806 15595 5788 
25426 11159 13803 
4537 13406 10991 
23230 2444 29625 
5159 23861 27476 
20528 4659 29011 
7665 14854 27689 
29019 8521 20070 
3956 5814 20419 
2685 25075 15778 
30176 24795 5144 
20703 13391 27037 
25954 15237 2786 
7488 1215 16886 
21543 21876 24966 
11889 7924 657 
24135 6647 5829 
24086 9281 14700 
27503 13745 21715 
29789 15358 28887 
4837 25593 18072 
108 13188 9258 
8426 8702 2739 
18738 29859 1210 
5673 22852 12027 
4998 17566 3347 
22290 16485 3289 
11527 20311 636 
18722 14598 20758 
20129 23807 12121 
25174 7812 29544 
12476 8727 17198 
18728 26959 24978 
12252 21620 4789 
22992 3866 232 
9888 4661 5516 
1046 4328 21115 
13417 10191 9000 
18509 24338 13824 
11468 25989 25831 
6010 18669 2467 
3796 14750 28006 
14191 19535 6281 
6059 10048 21618 
25852 20283 12077 
30213 29151 25338 
21232 2121 6118 
5112 18789 13305 
4149 22002 22141 
85 27337 14907 
4470 14216 4749 
15798 9878 14442 
3962 27389 13652 
11852 2677 23615 
30136 5491 11882 
12405 11114 21295 
27753 8700 23813 
22154 25330 8822 
8337 10018 27460 
9806 16566 1878 
15351 927 25749 
22335 3428 20400 
6308 25030 8536 
7521 22420 22931 
14211 8455 25557 
2721 20945 1321 
24227 22661 17653 
10304 13471 24546 
26062 21417 20888 
16356 15220 28304 
29704 19378 29513 
24152 11995 25015 
22597 9319 17155 
27602 4038 14579 
7373 8029 19351 
9357 23700 12685 
5672 28588 10716 
25026 12141 14815 
22695 13344 23458 
19649 9230 29531 
15282 13689 6977 
5194 21658 21905 
562 28493 23862 
21800 2812 13214 
27921 290 2310 
6917 1669 28336 
19465 12260 21480 
29809 20099 16341 
21768 28448 25400 
16440 8542 17139 
19565 18879 13459 
6255 23958 19298 
17281 20753 25659 
18593 20601 9056 
29003 4556 15027 
15926 17154 25960 
10115 2485 29450 
11607 24116 3669 
8223 10458 26527 
15135 10549 20417 
27021 19855 13751 
13529 1153 13399 
27863 19590 28650 
19040 28622 24699 
17829 18957 15861 
248 11232 14145 
1627 1801 2922 
27002 28074 21590 
938 12236 17259 
29225 15675 3729 
21196 21906 6782 
27399 13021 21397 
26303 11531 5047 
3999 14355 18699 
29928 7950 27280 
690 3297 28543 
